31602
31602
31602
31602
31602
Blank
31602
31601
Blank
31601
Blank
31601
31601
31602
31604
31602
31602
31601
31602
31601
31602
31602
31601
31602
31601
31602
31632
31602
31788
31794
31602
31601
31632
31601
31605
31602
30602
31601
31602
31605
31601
31602
31699
31602
31601
31601
31601
31601
31601
31602
31636
31605
31605
31602
31601
31605
31601
31601
31605
31602
31601
31605
31601
31601
31601
31605
31601
31602
31601
31602
31601
31602
31605
31501
31601
31601
32340
31601
31601
31602
31605
31602
31605
31602
31602
31601
31605
31699
31601
31602
31602
31602
31602
31602
31602
31602
31602
31602
31601
31792
31601
31601
31602
31602
31602
31605
31604
31601
31602
31602
31602
31601
Blank
31601
31605
31602
31602
31602
31602
31763
31602
31602
31603
31601
31601
31602
31602
31602
31602
31698
31601
31605
31601
31601
31605
31639
31601
31601
31601
31602
31602
31605
